#include <ios>
const int t[715][10] = {{0,1,2,3,4,5,6,7,8,9},{1,10,11,12,13,14,15,16,17,18},{2,11,19,20,21,22,23,24,25,26},{3,12,20,27,28,29,30,31,32,33},{4,13,21,28,34,35,36,37,38,39},{5,14,22,29,35,40,41,42,43,44},{6,15,23,30,36,41,45,46,47,48},{7,16,24,31,37,42,46,49,50,51},{8,17,25,32,38,43,47,50,52,53},{9,18,26,33,39,44,48,51,53,54},{0,11,55,56,57,58,59,60,61,62},{1,55,56,63,64,65,66,67,68,69},{2,56,63,70,71,72,73,74,75,76},{3,57,64,71,77,78,79,80,81,82},{4,58,65,72,78,83,84,85,86,87},{5,59,66,73,79,84,88,89,90,91},{6,60,67,74,80,85,89,92,93,94},{7,61,68,75,81,86,90,93,95,96},{8,62,69,76,82,87,91,94,96,97},{0,56,21,98,99,100,101,102,103,104},{1,63,98,105,106,107,108,109,110,111},{2,64,99,106,101,112,113,114,115,116},{3,65,100,107,112,117,118,119,120,121},{4,66,101,108,113,118,122,123,124,125},{5,67,102,109,114,119,123,126,127,128},{6,68,103,110,115,120,124,127,129,130},{7,69,104,111,116,121,125,128,130,131},{0,70,105,30,132,133,134,135,136,137},{1,71,106,132,138,139,140,141,142,143},{2,72,107,133,139,144,145,146,147,148},{3,73,108,134,140,145,137,149,150,151},{4,74,109,135,141,146,149,152,153,154},{5,75,110,136,142,147,150,153,155,156},{6,76,111,137,143,148,151,154,156,157},{0,77,101,138,38,158,159,160,161,162},{1,78,112,139,158,163,164,165,166,167},{2,79,113,140,159,164,168,169,170,171},{3,80,114,141,160,165,169,172,173,174},{4,81,115,142,161,166,170,173,175,176},{5,82,116,143,162,167,171,174,176,177},{0,83,117,144,163,178,179,180,181,182},{1,84,118,145,164,179,183,184,185,186},{2,85,119,146,165,180,184,187,188,102},{3,86,120,147,166,181,185,188,189,190},{4,87,121,148,167,182,186,102,190,191},{0,88,122,137,168,183,192,193,194,195},{1,89,123,149,169,184,193,196,197,198},{2,90,124,150,170,185,194,197,199,200},{3,91,125,151,171,186,195,198,200,201},{0,92,126,152,172,187,196,202,203,204},{1,93,127,153,173,188,197,203,205,206},{2,94,128,154,174,102,198,204,206,207},{0,95,129,155,175,189,199,205,208,209},{1,96,130,156,176,190,200,206,209,210},{0,97,131,157,177,191,201,207,210,211},{0,56,63,64,212,213,214,215,216,217},{1,63,64,212,213,212,213,218,219,220},{2,64,212,213,221,222,223,224,225,226},{3,65,213,212,222,227,228,229,230,231},{4,66,214,213,223,228,232,233,234,56},{5,67,215,218,224,229,233,235,236,237},{6,68,216,219,225,230,234,236,238,239},{7,69,217,220,226,231,56,237,239,240},{0,64,212,213,212,213,212,213,241,242},{1,212,213,212,213,212,213,212,213,243},{2,213,212,213,212,244,223,224,245,64},{3,214,213,212,213,223,246,229,230,63},{4,215,218,213,212,224,229,247,248,56},{5,216,219,241,213,245,230,248,249,250},{6,217,220,242,243,64,63,56,250,251},{1,212,213,73,224,245,252,253,254,255},{0,213,212,224,256,64,212,257,258,259},{1,212,213,245,64,260,213,212,261,262},{2,213,212,252,212,213,255,224,245,252},{3,218,213,253,257,212,224,263,230,63},{4,219,241,254,258,261,245,230,264,265},{5,220,242,255,259,262,252,63,265,266},{1,221,213,256,81,267,64,268,269,270},{0,222,212,64,267,271,272,213,221,273},{1,223,213,212,64,272,274,275,213,262},{2,224,212,257,268,213,275,276,277,64},{3,225,213,258,269,221,213,277,278,279},{4,226,243,259,270,273,262,64,279,280},{1,227,244,260,271,281,282,283,72,284},{0,228,223,213,272,282,285,286,287,222},{1,229,224,212,213,283,286,288,289,218},{2,230,245,261,221,72,287,289,290,291},{3,231,64,262,273,284,222,218,291,292},{1,232,246,255,274,285,293,294,295,73},{0,233,229,224,275,286,294,296,297,215},{1,234,230,245,213,287,295,297,298,216},{2,56,63,252,262,222,73,215,216,76},{1,235,247,263,276,288,296,299,300,301},{0,236,248,230,277,289,297,300,302,68},{1,237,56,63,64,218,215,301,68,69},{1,238,249,264,278,290,298,302,303,304},{0,239,250,265,279,291,216,68,304,305},{1,240,251,266,280,292,76,69,305,306},{1,212,106,245,64,307,213,308,261,309},{0,213,101,64,113,106,115,310,311,312},{1,212,112,307,106,313,64,314,315,316},{2,213,113,213,115,64,311,106,317,318},{3,218,114,308,310,314,106,319,230,320},{4,219,115,261,311,315,317,230,321,265},{5,220,116,309,312,316,318,320,265,322},{2,213,245,108,212,315,323,224,324,252},{1,212,64,212,213,212,213,325,213,326},{0,213,307,315,212,327,245,328,329,106},{1,212,213,323,213,245,252,212,254,255},{2,213,308,224,325,328,212,330,245,310},{3,241,261,324,213,329,254,245,331,63},{4,242,309,252,326,106,255,310,63,332},{1,212,106,212,64,333,213,308,213,309},{0,213,115,213,311,213,317,64,311,334},{1,212,310,325,106,308,64,335,213,316},{2,213,311,213,317,213,311,213,317,64},{3,243,312,326,318,309,334,316,64,336},{2,244,313,327,333,337,338,339,340,112},{1,223,64,245,213,338,341,342,343,344},{0,224,314,328,308,339,342,345,346,114},{1,245,315,329,213,340,343,346,347,348},{2,64,316,106,309,112,344,114,348,116},{2,246,311,252,317,341,349,286,350,351},{1,229,106,212,64,342,286,352,289,353},{0,230,317,254,311,343,350,289,354,355},{1,63,318,255,334,344,351,353,355,356},{2,247,319,330,335,345,352,357,358,359},{1,248,230,245,213,346,289,358,298,216},{0,56,320,310,316,114,353,359,216,104},{2,249,321,331,317,347,354,298,360,361},{1,250,265,63,64,348,355,216,361,362},{2,251,322,332,336,116,356,104,362,363},{2,224,212,140,268,213,364,276,277,252},{1,245,315,145,213,340,108,346,347,323},{0,252,323,137,364,108,151,140,365,366},{1,253,224,149,276,346,140,367,368,364},{2,254,324,150,277,347,365,368,369,108},{3,255,252,151,252,323,366,364,108,370},{3,256,213,268,142,221,224,371,372,279},{2,64,212,213,221,222,212,224,225,226},{1,212,213,364,224,212,252,253,213,255},{0,257,325,276,371,224,253,373,268,106},{1,258,213,277,372,225,213,268,374,221},{2,259,326,252,279,226,255,106,221,375},{3,260,327,340,222,376,315,377,378,379},{2,213,245,108,212,315,323,213,324,252},{1,212,328,346,224,377,213,380,315,308},{0,261,329,347,225,378,324,315,381,382},{1,262,106,323,226,379,252,308,382,383},{2,224,212,140,253,213,364,276,384,252},{1,245,254,365,213,324,108,384,385,323},{0,252,255,366,255,252,370,252,323,366},{3,263,330,367,373,380,276,386,387,388},{2,230,245,368,268,315,384,387,290,219},{1,63,310,364,106,308,252,388,219,111},{3,264,331,369,374,381,385,290,389,390},{2,265,63,108,221,382,323,219,390,76},{3,266,332,370,375,383,366,111,76,391},{3,267,64,221,166,392,222,256,393,82},{2,64,311,224,170,222,394,395,115,396},{1,268,106,371,173,256,395,141,397,398},{0,269,317,372,175,393,115,397,399,400},{1,270,318,279,176,82,396,398,400,401},{4,271,333,222,392,402,227,328,267,403},{3,272,213,212,222,227,404,223,64,405},{2,213,308,224,256,328,223,330,258,310},{1,221,213,225,393,267,64,258,269,270},{0,273,309,226,82,403,405,310,270,406},{4,274,317,252,394,404,407,408,311,409},{3,275,64,253,395,223,408,410,224,411},{2,213,311,213,115,64,311,224,317,259},{1,262,334,255,396,405,409,411,259,412},{4,276,335,373,141,330,410,413,371,114},{3,277,213,268,397,258,224,371,414,225},{2,64,316,106,398,310,411,114,225,116},{4,278,317,374,399,269,317,414,415,393},{3,279,64,221,400,270,259,225,393,416},{4,280,336,375,401,406,412,116,416,417},{5,281,337,376,402,418,419,420,421,422},{4,282,338,315,227,419,423,228,424,271},{3,283,339,377,328,420,228,425,327,314},{2,72,340,378,267,421,424,327,147,426},{1,284,112,379,403,422,271,314,426,427},{5,285,341,323,404,423,428,429,430,431},{4,286,342,213,223,228,429,432,229,106},{3,287,343,324,64,424,430,229,433,434},{2,222,344,252,405,271,431,106,434,435},{5,288,345,380,330,425,432,436,437,319},{4,289,346,315,258,327,229,437,438,230},{5,290,347,381,269,147,433,438,439,440},{4,291,348,382,270,426,434,230,440,441},{5,292,116,383,406,427,435,320,441,442},{6,293,349,366,407,428,443,444,122,445},{5,294,286,364,408,429,444,446,447,448},{4,295,350,108,311,430,122,447,449,450},{3,73,351,370,409,431,445,448,450,151},{6,296,352,276,410,432,446,451,452,453},{5,297,289,384,224,229,447,452,454,248},{4,215,353,252,411,106,448,453,248,455},{6,298,354,385,317,433,449,454,456,457},{5,216,355,323,259,434,450,248,457,458},{6,76,356,366,412,435,151,455,458,459},{7,299,357,386,413,436,451,460,461,462},{6,300,358,387,371,437,452,461,463,236},{5,301,359,388,114,319,453,462,236,128},{7,302,298,290,414,438,454,463,464,238},{6,68,216,219,225,230,248,236,238,239},{7,69,104,111,116,320,455,128,239,131},{8,303,360,389,415,439,456,464,465,466},{7,304,361,390,393,440,457,238,466,467},{8,305,362,76,416,441,458,239,467,468},{9,306,363,391,417,442,459,131,468,469},{0,213,212,213,212,213,212,213,212,213},{1,212,213,212,213,212,213,212,213,212},{2,213,212,213,212,213,223,224,245,64},{3,218,213,212,213,212,224,470,230,63},{4,219,241,213,212,213,245,230,471,265},{5,220,242,243,213,212,64,63,265,472},{2,213,212,213,212,213,212,224,245,64},{3,241,213,212,213,212,213,245,473,63},{4,242,243,213,212,213,212,64,63,474},{0,213,212,213,225,64,212,213,258,259},{1,212,213,212,64,475,213,212,213,262},{0,213,212,213,212,213,476,213,212,213},{1,212,213,212,213,212,213,477,213,212},{2,213,212,213,258,213,212,213,478,64},{3,243,213,212,259,262,213,212,64,479},{0,244,212,213,475,480,481,213,212,222},{1,223,213,212,213,481,274,275,213,212},{0,224,212,213,212,213,275,482,384,213},{1,245,213,212,213,212,213,384,483,241},{2,64,212,213,262,222,212,213,241,226},{0,246,223,213,476,274,484,286,287,213},{1,229,224,212,213,275,286,288,289,218},{0,230,245,213,212,213,287,289,485,219},{0,247,470,224,477,482,288,486,358,215},{1,248,230,245,213,384,289,358,298,216},{0,56,63,64,212,213,218,215,216,217},{0,249,471,473,478,483,485,298,487,361},{1,250,265,63,64,241,219,216,361,362},{0,251,472,474,479,226,220,217,362,488},{2,213,212,213,212,213,212,213,245,64},{3,243,213,212,213,212,213,212,64,489},{2,213,212,213,212,213,212,213,212,64},{1,212,213,212,213,490,213,212,213,212},{0,213,212,213,212,213,212,213,491,213},{1,223,213,212,213,476,274,275,213,212},{1,470,224,212,213,477,482,492,289,218},{0,230,245,213,212,213,384,289,485,219},{1,471,473,245,213,491,483,485,493,494},{0,265,63,64,212,213,241,219,494,217},{1,472,474,489,64,243,242,220,217,495},{1,212,213,255,213,212,252,212,213,255},{0,213,212,224,477,213,212,257,212,213},{1,212,213,245,213,491,213,212,261,212},{2,213,212,252,212,213,255,213,212,252},{2,213,212,213,258,213,212,224,478,64},{1,212,213,477,224,212,213,253,213,212},{0,213,212,213,478,213,212,213,258,213},{1,212,213,212,64,243,213,212,213,262},{2,213,212,213,212,244,212,213,245,64},{1,212,213,491,213,245,213,212,254,212},{0,213,212,213,243,64,212,213,212,259},{2,224,212,257,253,213,477,276,384,213},{2,473,245,261,258,254,491,483,496,219},{1,63,64,212,213,212,213,241,219,220},{2,474,489,252,262,259,255,242,220,497},{2,64,212,213,221,222,212,213,225,226},{0,213,212,224,277,213,212,257,258,213},{1,258,213,478,278,225,213,258,374,221},{0,259,212,64,279,226,243,213,221,498},{3,475,213,212,222,499,244,212,64,405},{2,213,212,213,212,244,223,213,212,64},{1,262,213,243,226,405,64,212,259,500},{3,476,213,212,213,223,501,223,213,212},{2,213,212,213,212,213,223,224,212,213},{3,477,213,253,257,212,224,502,224,212},{2,213,212,213,258,213,212,224,478,213},{3,478,213,258,374,258,213,478,503,225},{2,64,212,213,221,259,212,213,225,226},{3,479,64,262,498,500,259,243,226,504},{4,480,490,244,499,505,506,244,260,271},{3,481,213,212,244,506,404,223,213,475},{2,213,212,213,212,244,223,224,212,213},{0,222,212,64,405,271,475,213,262,273},{4,274,476,213,223,404,507,246,223,213},{3,275,213,212,213,223,246,508,224,212},{2,213,212,213,212,213,223,224,245,213},{4,482,477,213,212,224,508,509,470,224},{3,384,213,212,213,212,224,470,510,245},{4,483,491,254,258,261,245,510,511,473},{3,241,213,212,259,262,213,245,473,512},{4,226,243,259,500,273,262,64,512,280},{5,484,274,255,501,507,513,429,246,255},{4,286,275,213,223,246,429,514,229,224},{3,287,213,212,213,223,246,229,510,245},{5,288,482,477,224,508,514,515,516,470},{4,289,384,213,212,224,229,516,517,230},{5,485,483,491,213,245,510,517,518,471},{6,486,492,276,502,509,515,519,520,247},{5,358,289,384,224,470,516,520,454,248},{4,215,218,213,212,224,470,247,248,56},{6,298,485,483,478,510,517,454,521,249},{7,487,493,496,503,511,518,521,522,523},{6,361,494,219,225,473,471,249,523,524},{7,362,217,220,226,512,265,250,524,240},{8,488,495,497,504,280,266,251,240,525},{2,213,212,213,212,244,212,224,245,64},{0,213,325,213,212,224,212,526,212,106},{2,213,326,213,243,64,212,106,212,318},{1,212,106,212,64,325,213,308,213,309},{0,213,317,213,311,213,317,213,311,213},{1,212,318,243,334,326,64,309,213,527},{0,213,333,244,212,528,212,328,529,106},{2,213,308,224,325,328,212,330,212,310},{1,212,213,245,213,529,213,212,261,212},{0,213,309,64,326,106,243,310,212,312},{2,213,311,213,317,213,311,213,317,213},{1,212,334,212,64,243,213,326,213,530},{0,224,335,526,308,330,325,531,384,114},{2,64,316,106,309,310,326,114,241,116},{0,473,317,254,311,261,317,483,532,219},{0,474,336,318,527,312,530,116,220,533},{2,213,212,252,212,213,255,213,245,252},{0,213,491,254,212,261,245,213,534,213},{2,213,212,213,212,213,212,224,212,64},{0,213,243,213,212,213,212,64,212,334},{1,212,244,529,213,535,213,536,315,212},{1,212,224,212,213,536,213,537,213,325},{2,213,245,261,212,315,491,213,324,213},{1,212,526,477,224,537,213,538,213,308},{1,245,254,534,213,324,261,491,385,241},{1,489,318,255,334,326,252,309,242,539},{2,213,212,213,212,244,212,224,212,64},{1,212,64,212,213,212,213,243,213,326},{2,213,308,224,325,526,212,330,212,310},{2,64,527,334,530,318,326,312,243,540},{3,490,528,535,244,541,244,542,543,333},{2,213,212,213,212,244,223,213,245,213},{1,212,328,536,224,542,213,380,244,308},{0,213,529,315,212,543,245,244,329,213},{3,476,213,212,213,223,501,223,544,545},{2,213,212,213,212,213,223,224,212,64},{1,212,213,491,213,245,544,212,254,546},{0,213,243,213,212,213,545,64,546,334},{3,477,330,537,526,380,224,547,224,335},{2,213,212,213,212,244,212,224,245,213},{3,491,261,324,213,329,254,245,548,245},{2,213,212,213,212,213,546,213,245,64},{4,274,317,252,311,501,407,246,311,252},{2,213,311,213,317,544,311,224,317,549},{1,212,213,255,213,545,252,212,549,255},{4,482,325,213,212,224,508,550,470,106},{2,213,326,213,243,64,212,106,245,318},{4,483,317,261,311,254,317,510,551,473},{3,241,213,212,213,546,549,245,473,63},{4,242,530,252,326,334,255,318,63,552},{5,492,531,538,330,547,550,553,516,319},{4,289,384,213,212,224,470,516,517,230},{3,218,114,308,310,335,106,319,230,320},{6,493,532,385,317,548,551,518,554,555},{5,494,219,241,213,245,473,471,555,250},{6,217,220,242,243,64,63,265,250,251},{7,495,533,539,540,336,552,322,251,556},{2,213,212,252,212,213,255,224,212,252},{2,213,245,108,212,254,323,213,324,252},{3,255,252,370,252,255,366,255,252,370},{0,257,477,276,502,224,253,557,253,224},{1,212,213,384,224,245,213,253,254,212},{0,261,534,385,478,548,324,254,558,254},{0,252,255,366,255,252,370,252,255,366},{2,224,212,257,268,213,477,276,277,213},{3,478,213,258,374,258,213,277,503,225},{1,253,224,502,276,477,257,367,257,325},{1,258,213,478,503,478,213,258,374,258},{1,262,334,255,226,479,252,326,259,412},{2,244,535,543,475,559,529,528,340,222},{0,213,536,244,212,528,212,560,529,224},{1,245,315,329,213,340,261,529,347,241},{2,64,212,213,262,222,212,224,241,226},{2,213,537,224,477,560,212,561,212,526},{2,254,324,548,478,347,534,261,369,261},{1,212,213,245,64,241,213,212,261,262},{2,259,326,252,479,226,255,106,262,375},{2,213,212,213,212,213,212,224,245,213},{3,491,261,324,213,534,254,245,548,245},{4,276,538,557,367,561,502,562,263,330},{3,384,213,253,257,212,224,263,510,245},{2,213,308,224,325,526,212,330,245,310},{5,496,385,558,374,369,548,511,563,264},{4,219,241,254,258,261,245,473,264,265},{6,497,539,366,412,375,370,332,266,564},{0,222,212,64,267,271,475,213,221,273},{3,225,213,258,269,221,213,478,278,279},{0,213,317,213,311,213,317,544,311,565},{1,212,213,477,224,212,544,253,213,546},{3,243,213,212,259,262,565,546,64,479},{1,258,213,277,414,478,213,268,374,258},{2,213,326,213,225,64,546,106,258,318},{0,374,317,503,415,278,317,374,566,269},{1,221,213,225,393,279,64,258,269,270},{0,498,530,226,416,280,479,318,270,567},{1,499,244,475,271,568,480,536,222,284},{3,405,64,262,273,284,222,325,226,569},{1,223,213,212,213,481,274,476,213,212},{2,64,212,213,262,222,212,213,243,226},{1,500,318,479,280,569,226,309,498,570},{2,501,311,252,317,274,571,274,317,252},{1,223,213,212,544,476,274,275,213,572},{1,212,213,255,565,212,252,572,213,255},{2,224,212,257,253,213,275,276,477,64},{0,213,243,213,546,213,572,64,212,334},{2,259,326,252,479,226,255,334,262,375},{3,502,330,367,373,538,276,573,276,335},{3,478,213,258,374,258,213,277,503,478},{4,503,317,374,566,374,317,503,574,278},{4,226,243,259,270,498,262,64,279,280},{5,504,540,412,567,570,375,336,280,575},{0,505,541,559,568,576,577,578,579,402},{1,506,244,529,480,577,580,481,315,499},{2,244,542,528,536,578,481,581,535,328},{3,260,543,340,222,579,315,535,378,231},{4,271,333,222,284,402,499,328,231,403},{0,404,223,213,481,580,582,274,583,244},{2,213,245,261,212,315,583,213,324,64},{0,224,380,560,537,581,275,584,536,330},{1,262,213,241,226,231,64,212,382,500},{0,273,309,226,569,403,405,310,500,406},{1,507,501,255,274,582,585,484,341,586},{0,246,223,213,476,274,484,286,275,213},{1,223,544,245,213,583,341,275,343,587},{2,213,545,252,212,244,586,213,587,252},{1,508,224,212,213,275,286,588,482,325},{1,245,254,534,213,324,343,384,385,589},{0,213,546,213,243,64,587,213,589,259},{1,262,334,255,226,405,252,326,259,412},{2,509,547,561,538,584,588,590,492,531},{1,470,224,212,213,536,482,492,289,384},{2,510,245,261,258,315,384,289,591,483},{3,511,548,369,374,381,385,591,592,496},{2,473,245,261,221,382,589,483,496,291},{3,512,64,262,498,500,259,241,291,593},{4,280,336,375,570,406,412,116,593,417},{0,513,407,366,571,585,594,293,349,366},{1,429,246,255,274,484,293,595,286,364},{3,255,252,370,252,586,366,364,351,370},{0,514,508,224,275,286,595,596,288,482},{1,229,224,212,213,275,286,288,289,384},{2,224,212,252,572,213,364,482,384,252},{0,510,317,254,311,343,350,289,597,598},{1,245,549,255,213,587,351,384,598,323},{1,515,550,502,276,588,596,599,486,600},{0,516,470,224,477,482,288,486,601,289},{1,470,106,212,64,325,482,600,289,353},{1,517,510,245,213,384,289,601,602,485},{1,63,318,255,334,326,252,353,219,356},{2,518,551,548,317,385,597,602,603,493},{1,471,473,245,213,589,598,485,493,494},{2,265,63,252,262,259,323,219,494,76},{3,266,552,370,375,412,366,356,76,604},{0,519,553,562,573,590,599,605,606,357},{1,520,516,263,276,492,486,606,607,358},{2,247,319,330,335,531,600,357,358,359},{0,454,517,510,277,289,601,607,608,298},{1,521,518,511,503,591,602,608,609,487},{0,522,554,563,574,592,603,609,610,611},{1,523,555,264,278,496,493,487,611,612},{0,524,250,265,279,291,494,361,612,305},{1,240,251,266,280,593,76,362,305,306},{0,525,556,564,575,417,604,363,306,613},{0,224,212,213,212,213,477,482,384,213},{0,473,245,213,212,213,491,483,614,219},{0,474,489,64,212,213,243,242,220,615},{1,245,213,212,213,212,213,491,483,241},{1,489,64,212,213,212,213,243,242,616},{2,213,212,213,212,244,212,213,212,64},{2,213,212,213,212,213,223,213,212,213},{2,213,212,213,212,213,212,224,212,213},{2,213,212,213,258,213,212,213,478,213},{2,64,212,213,262,259,212,213,243,226},{3,490,213,212,244,617,244,212,213,475},{2,213,212,213,212,244,223,213,212,213},{3,477,213,212,213,212,224,618,224,212},{3,491,213,212,213,212,213,245,619,245},{4,274,476,213,223,501,507,246,223,213},{4,483,491,213,212,213,245,510,620,473},{5,492,482,477,224,618,509,621,516,470},{6,493,614,483,478,619,620,518,622,555},{7,495,615,616,226,479,474,472,251,623},{0,64,212,213,212,213,212,213,243,242},{2,213,212,213,212,244,212,213,212,213},{2,213,212,213,212,213,212,213,245,213},{4,482,477,213,212,224,618,509,470,224},{5,614,483,491,213,245,619,620,624,471},{4,219,241,213,212,213,245,473,471,265},{6,615,616,242,243,64,489,474,472,625},{4,483,491,254,258,261,245,619,511,473},{5,616,242,255,259,262,252,489,474,626},{1,262,213,243,226,479,64,212,259,500},{0,244,212,213,475,480,490,213,212,222},{0,259,212,64,479,226,243,213,262,498},{1,223,213,212,213,476,274,476,213,212},{2,224,212,257,253,213,477,276,477,213},{3,478,213,258,374,258,213,478,503,478},{4,226,243,259,500,498,262,64,479,280},{1,617,244,490,480,627,628,490,244,499},{0,244,212,213,490,628,481,213,212,244},{0,501,223,213,476,274,629,274,476,213},{0,224,212,213,212,213,275,482,477,213},{1,618,224,212,213,477,482,630,482,477},{1,245,213,212,213,212,213,384,483,491},{2,619,245,261,258,254,491,483,631,483},{2,64,212,213,262,259,212,213,241,226},{1,507,501,255,274,629,585,484,274,255},{1,508,224,212,213,275,286,588,482,477},{0,509,618,224,477,482,588,632,492,482},{1,470,224,212,213,477,482,492,289,384},{0,510,245,213,212,213,384,289,633,483},{1,620,619,245,213,491,483,633,634,614},{1,621,509,502,276,630,632,635,486,492},{0,516,470,224,477,482,492,486,601,289},{0,518,620,619,478,483,633,602,636,493},{1,622,624,511,503,631,634,636,637,638},{0,555,471,473,478,483,614,493,638,361},{1,250,265,63,64,241,219,494,361,362},{1,623,625,626,280,504,497,495,488,639},{1,212,224,212,213,477,213,537,213,325},{0,213,530,64,326,334,243,318,212,640},{1,212,244,490,213,641,213,536,244,212},{2,213,212,213,212,244,212,213,245,213},{2,213,326,213,243,64,212,334,212,318},{3,477,330,537,526,538,224,547,224,335},{4,483,317,261,311,254,317,619,551,473},{5,616,540,530,640,527,318,336,474,642},{2,213,245,261,212,254,491,213,324,213},{0,213,490,244,212,643,212,244,529,213},{2,213,212,213,212,244,212,224,212,213},{0,213,477,213,212,224,212,644,212,224},{2,213,537,224,477,644,212,561,212,526},{4,242,530,252,326,334,255,318,489,552},{3,243,640,326,318,530,334,527,64,645},{2,244,641,643,490,646,490,528,535,244},{0,213,536,244,212,528,212,560,490,224},{1,212,244,529,213,535,213,490,315,212},{1,212,213,212,213,212,213,212,213,647},{0,213,212,213,212,213,212,213,647,213},{0,213,212,213,212,213,647,213,212,213},{0,224,538,644,537,561,477,648,477,330},{1,245,254,534,213,324,261,491,385,491},{1,212,213,212,213,647,213,212,213,212},{1,618,224,212,213,477,482,630,482,325},{0,619,317,254,311,261,317,483,649,483},{1,489,318,255,334,326,252,530,242,539},{2,509,547,561,538,648,630,590,492,531},{2,624,551,548,317,385,649,634,650,493},{1,471,473,245,213,491,483,614,493,494},{2,625,642,552,645,540,539,533,495,651},{1,253,224,502,276,477,257,367,257,477},{2,254,324,548,478,385,534,261,369,261},{3,490,643,535,244,652,244,641,543,475},{1,212,224,212,213,536,213,537,213,477},{1,212,644,477,224,537,213,653,213,537},{3,502,561,367,557,653,276,654,276,538},{3,511,548,369,374,558,385,631,592,496},{3,626,552,370,375,412,366,539,497,655},{1,212,213,212,213,212,213,647,213,212},{0,374,317,503,574,503,317,374,566,374},{1,500,318,479,280,504,226,530,498,570},{4,480,490,244,499,505,617,244,475,271},{4,226,243,259,500,273,262,64,479,280},{0,498,530,226,504,280,479,318,500,567},{4,274,317,252,311,501,407,501,311,252},{0,213,212,213,647,213,212,213,212,213},{4,276,538,557,367,561,502,562,502,330},{4,503,317,374,566,374,317,503,574,503},{4,280,645,375,570,567,412,540,504,656},{5,627,646,652,505,657,658,659,559,568},{4,628,490,244,617,658,506,244,529,480},{3,490,528,641,244,659,244,542,643,536},{2,244,535,543,475,559,529,643,340,222},{3,481,213,212,244,506,404,223,213,490},{1,212,560,536,224,542,213,660,244,537},{4,274,476,213,223,404,507,501,223,213},{2,213,212,213,212,213,223,213,245,213},{3,477,561,537,644,660,224,661,224,538},{5,629,274,255,501,507,662,507,501,255},{2,213,212,252,212,213,255,213,545,252},{0,213,647,213,212,213,545,213,546,213},{4,482,477,213,212,224,508,509,618,224},{2,213,212,213,212,213,546,213,245,213},{5,630,648,653,561,661,509,663,509,547},{4,483,491,254,258,261,245,510,511,619},{5,631,385,558,374,369,548,511,664,511},{4,226,243,259,500,498,262,64,512,280},{6,585,571,366,407,662,665,513,407,366},{4,286,275,213,223,246,429,514,508,224},{5,588,482,477,224,508,514,666,509,618},{4,483,317,261,311,254,317,510,551,619},{3,491,213,212,213,546,549,245,619,245},{6,632,630,276,502,509,666,667,621,550},{4,482,325,213,212,224,618,550,470,106},{4,289,384,213,212,224,470,516,517,510},{5,633,483,491,213,245,510,517,668,620},{6,634,649,385,317,548,551,668,669,624},{6,497,539,366,412,375,370,552,266,564},{7,635,590,654,562,663,667,670,519,553},{6,486,492,276,502,509,621,519,520,516},{5,601,289,384,224,470,516,520,671,517},{6,602,633,483,478,510,517,671,672,518},{7,636,634,631,503,511,668,672,673,622},{8,637,650,592,574,664,669,673,674,675},{7,638,493,496,503,511,624,622,675,523},{6,361,494,219,225,473,471,555,523,524},{9,639,651,655,656,575,564,556,525,676},{4,483,491,213,212,213,245,619,620,473},{5,616,242,243,213,212,64,489,474,677},{4,242,243,213,212,213,212,64,489,474},{0,244,212,213,490,628,490,213,212,244},{0,224,212,213,212,213,477,482,477,213},{1,245,213,212,213,212,213,491,483,491},{0,619,245,213,212,213,491,483,678,483},{0,509,618,224,477,482,630,632,492,482},{0,624,620,619,478,483,678,634,679,493},{0,625,677,474,479,226,616,615,495,680},{1,620,619,245,213,491,483,678,634,614},{1,677,474,489,64,243,242,616,615,681},{2,474,489,252,262,259,255,242,616,497},{4,628,490,244,617,658,617,244,490,480},{3,490,213,212,244,617,244,212,213,490},{4,274,476,213,223,501,507,501,223,213},{4,482,477,213,212,224,618,509,618,224},{4,483,491,254,258,261,245,619,511,619},{5,630,482,477,224,618,509,682,509,618},{4,483,491,213,212,213,245,510,620,619},{5,678,483,491,213,245,619,620,683,620},{6,632,630,276,502,509,682,667,621,509},{6,634,678,483,478,619,620,668,684,624},{7,679,634,631,503,511,683,684,685,622},{6,493,614,483,478,619,620,624,622,555},{8,680,681,497,504,280,626,625,623,686},{1,212,318,243,334,326,64,530,213,527},{0,213,490,244,212,643,212,244,490,213},{0,474,645,318,527,640,530,540,616,687},{1,212,244,490,213,641,213,490,244,212},{1,212,224,212,213,477,213,537,213,477},{2,64,527,334,530,318,326,640,243,540},{3,490,643,641,244,688,244,641,643,490},{2,213,212,213,212,213,212,213,212,213},{3,477,561,537,644,653,224,661,224,538},{4,483,317,261,311,254,317,619,551,619},{6,634,649,385,317,548,551,683,669,624},{7,681,687,539,540,645,552,642,625,689},{2,244,641,643,490,646,490,643,535,244},{2,213,537,224,477,644,212,561,212,644},{4,276,653,557,367,561,502,690,502,561},{6,497,539,366,412,375,370,552,626,564},{5,504,540,412,567,570,375,645,280,575},{0,658,688,646,627,691,692,646,652,505},{1,617,244,490,628,692,628,490,244,617},{2,244,641,643,490,646,490,528,641,244},{2,213,537,224,477,560,212,561,212,644},{0,224,653,644,537,561,477,693,477,561},{1,507,501,255,274,629,585,629,274,255},{2,509,661,561,653,693,630,694,630,648},{3,511,548,369,374,558,385,631,592,631},{0,662,407,366,571,585,695,585,571,366},{0,509,618,224,477,482,588,632,630,482},{1,682,509,502,276,630,632,696,632,630},{1,620,619,245,213,491,483,633,634,678},{2,683,551,548,317,385,649,634,697,634},{0,667,663,690,654,694,696,698,635,590},{1,517,510,245,213,384,289,601,602,633},{0,668,620,619,478,483,633,602,699,634},{1,684,683,511,503,631,634,699,700,679},{0,685,669,664,574,592,697,700,701,637},{1,622,624,511,503,631,634,679,637,638},{0,686,689,564,575,656,655,651,639,702},{0,474,489,64,212,213,243,242,616,615},{4,483,491,213,212,213,245,619,620,619},{6,634,678,483,478,619,620,683,684,624},{7,681,615,616,226,479,474,677,625,703},{6,615,616,242,243,64,489,474,677,625},{0,509,618,224,477,482,630,632,630,482},{1,620,619,245,213,491,483,678,634,678},{0,683,620,619,478,483,678,634,704,634},{1,684,683,511,503,631,634,704,700,679},{1,703,625,626,280,504,497,681,680,705},{5,616,540,530,640,527,318,645,474,642},{2,244,641,643,490,646,490,643,641,244},{2,625,642,552,645,540,539,687,681,651},{3,502,561,367,557,653,276,654,276,653},{5,692,646,688,658,706,658,688,646,627},{4,628,490,244,617,658,617,244,490,628},{3,477,561,537,644,653,224,661,224,653},{5,630,693,653,561,661,509,707,509,661},{6,585,571,366,407,662,665,662,407,366},{6,632,630,276,502,509,682,667,682,509},{6,634,649,385,317,548,551,683,669,683},{7,696,694,654,690,707,667,708,667,663},{6,634,678,483,478,619,620,668,684,683},{7,704,634,631,503,511,683,684,709,684},{8,700,697,592,574,664,669,709,710,685},{9,705,651,655,656,575,564,689,686,711},{0,625,677,474,479,226,616,615,681,680},{6,634,678,483,478,619,620,683,684,683},{8,680,681,497,504,280,626,625,703,686},{0,658,688,646,692,712,692,646,688,658},{2,509,661,561,653,693,630,694,630,693},{0,667,707,690,654,694,696,713,696,694},{1,684,683,511,503,631,634,704,700,704},{0,709,669,664,574,592,697,700,714,700},{0,686,689,564,575,656,655,651,705,702},{5,692,646,688,658,706,658,688,646,692},{7,696,694,654,690,707,667,708,667,707},{8,700,697,592,574,664,669,709,710,709}};
typedef long long ll;
int q, k, d[20]; ll dp[9][20][715], sum[9][20][10][715], l, r; char B[1<<22], * S = B;
ll read() { ll s = 0; while (! isdigit(* S)) S ++; while (isdigit(* S)) s = s * 10 + * S ++ - '0'; return s; }
ll calc(ll n, int k) {
	int c = 0, u = 0; ll r = 0;
	while (n) d[c++] = n % 10, n /= 10;
	while (c) c --, r += sum[k][c][d[c]][u], u = d[c] ? t[u][d[c]] : u;
	return r + (t[u][0] <= k);
}
int main() {
	for (int i=0; i<=8; i++) {
		for (int u=0; u<715; u++)
			dp[i][0][u] = t[u][0] <= i;
		for (int j=1; j<=18; j++)
			for (int u=0; u<715; u++) {
				dp[i][j][u] = dp[i][j-1][u];
				for (int x=1; x<=9; x++)
					dp[i][j][u] += dp[i][j-1][t[u][x]];
			}
		for (int j=0; j<=18; j++)
			for (int u=0; u<715; u++) {
				sum[i][j][1][u] = dp[i][j][u];
				for (int x=2; x<=9; x++)
					sum[i][j][x][u] = sum[i][j][x-1][u] + dp[i][j][t[u][x-1]];
			}
	}
	fread (B, 1, 1 << 22, stdin), q = read();
	while (q --) {
		l = read(), r = read(), k = read();
		printf ("%lld\n", k < 9 ? calc(r, k) - calc(l - 1, k) : r - l + 1);
	}
}
